58 0.592589 0.750368 0.0421844 0.0590837 0.986732
12 0.706619 0.510798 0.044129 0.0649544 0.96832
47 0.77936 0.400609 0.0448981 0.0664817 0.96347
23 0.177697 0.829223 0.0444693 0.0664583 0.95356
58 0.938083 0.729218 0.0422901 0.0591885 0.952314
15 0.956209 0.0819474 0.0450319 0.0677866 0.949304
59 0.280018 0.369006 0.0420429 0.05887 0.947333
14 0.4454 0.20512 0.0454342 0.0677814 0.946031
58 0.0282461 0.261639 0.0429418 0.059934 0.939777
19 0.394494 0.0977843 0.0421662 0.0591972 0.936775
58 0.610038 0.795253 0.0443146 0.0597775 0.933452
10 0.0172002 0.173185 0.0343998 0.0582667 0.916591
50 0.610647 0.794993 0.0435034 0.0596784 0.830094
